1.000000000e+00 3.678794412e-01 -6.321205588e-01 0.632120559
2.000000000e+00 5.413411329e-01 -1.458658867e+00 0.729329434
6.000000000e+00 1.344250846e+00 -4.655749154e+00 0.775958192
2.400000000e+01 4.688803556e+00 -1.931119644e+01 0.804633185
1.200000000e+02 2.105608437e+01 -9.894391563e+01 0.824532630
7.200000000e+02 1.156486616e+02 -6.043513384e+02 0.839376859
5.040000000e+03 7.509740096e+02 -4.289025990e+03 0.850997220
4.032000000e+04 5.628128968e+03 -3.469187103e+04 0.860413468
3.628800000e+05 4.781148665e+04 -3.150685134e+05 0.868244360
3.628800000e+06 4.539992976e+05 -3.174800702e+06 0.874889964
3.991680000e+07 4.765190155e+06 -3.515160985e+07 0.880621940
4.790016000e+08 5.478241452e+07 -4.242191855e+08 0.885632084
6.227020800e+09 6.845975101e+08 -5.542423290e+09 0.890060186
8.717829120e+10 9.239952802e+09 -7.793833840e+10 0.894010852
1.307674368e+12 1.339527572e+11 -1.173721611e+12 0.897564133
2.092278989e+13 2.075907567e+12 -1.884688232e+13 0.900782468
3.556874281e+14 3.424723163e+13 -3.214401965e+14 0.903715372
6.402373706e+15 5.992449980e+14 -5.803128708e+15 0.906402684
1.216451004e+17 1.108468260e+16 -1.105604178e+17 0.908876868
2.432902008e+18 2.161276221e+17 -2.216774386e+18 0.911164683
5.109094217e+19 4.430176912e+18 -4.666076526e+19 0.913288408
1.124000728e+21 9.524021699e+19 -1.028760511e+21 0.915266766
2.585201674e+22 2.142728493e+21 -2.370928825e+22 0.917115616
6.204484017e+23 5.035032004e+22 -5.700980817e+23 0.918848497
1.551121004e+25 1.233497203e+24 -1.427771284e+25 0.920477049
4.032914611e+26 3.145216300e+25 -3.718392981e+26 0.922011334
1.088886945e+28 8.334328627e+26 -1.005543659e+28 0.923460111
3.048883446e+29 2.291814086e+28 -2.819702038e+29 0.924831036
8.841761994e+30 6.531335061e+29 -8.188628488e+30 0.926130843
2.652528598e+32 1.926651587e+31 -2.459863439e+32 0.927365474
8.222838654e+33 5.876024121e+32 -7.635236242e+33 0.928540199
2.631308369e+35 1.850869869e+34 -2.446221382e+35 0.929659713
8.683317619e+36 6.015089770e+35 -8.081808642e+36 0.930728207
2.952327990e+38 2.014980255e+37 -2.750829965e+38 0.931749444
1.033314797e+40 6.951438512e+38 -9.638004115e+39 0.932726808
3.719933268e+41 2.467679079e+40 -3.473165360e+41 0.933663351
1.376375309e+43 9.006746927e+41 -1.286307840e+43 0.934561839
5.230226175e+44 3.377430019e+43 -4.892483173e+44 0.935424781
2.039788208e+46 1.300274004e+45 -1.909760808e+46 0.936254460
8.159152832e+47 5.135945150e+46 -7.645558317e+47 0.937052961
3.345252661e+49 2.080004945e+48 -3.137252167e+49 0.937822187
1.405006118e+51 8.631811680e+49 -1.318688001e+51 0.938563885
6.041526306e+52 3.668435336e+51 -5.674682773e+52 0.939279660
2.658271575e+54 1.595734232e+53 -2.498698152e+54 0.939970985
1.196222209e+56 7.100867914e+54 -1.125213530e+56 0.940639224
5.502622160e+57 3.230829873e+56 -5.179539173e+57 0.941285631
2.586232415e+59 1.502306940e+58 -2.436001721e+59 0.941911371
1.241391559e+61 7.135826181e+59 -1.170033297e+61 0.942517523
6.082818640e+62 3.460814392e+61 -5.736737201e+62 0.943105087
3.041409320e+64 1.713073992e+63 -2.870101921e+64 0.943674994
1.551118753e+66 8.650882314e+64 -1.464609930e+66 0.944228111
8.065817517e+67 4.455134399e+66 -7.620304077e+67 0.944765247
4.274883284e+69 2.338910201e+68 -4.040992264e+69 0.945287157
2.308436973e+71 1.251298741e+70 -2.183307099e+71 0.945794546
1.269640335e+73 6.819482473e+71 -1.201445511e+73 0.946288076
7.109985878e+74 3.784761574e+73 -6.731509721e+74 0.946768367
4.052691950e+76 2.138362378e+75 -3.838855713e+76 0.947236000
2.350561331e+78 1.229542872e+77 -2.227607044e+78 0.947691521
1.386831185e+80 7.192738223e+78 -1.314903803e+80 0.948135445
8.320987113e+81 4.279628873e+80 -7.893024225e+81 0.948568255
5.075802139e+83 2.589145993e+82 -4.816887539e+83 0.948990407
3.146997326e+85 1.592307244e+84 -2.987766602e+85 0.949402332
1.982608315e+87 9.951814120e+85 -1.883090174e+87 0.949804437
1.268869322e+89 6.319336665e+87 -1.205675955e+89 0.950197104
8.247650592e+90 4.075931326e+89 -7.840057460e+90 0.950580698
5.443449391e+92 2.669709090e+91 -5.176478482e+92 0.950955563
3.647111092e+94 1.775339817e+93 -3.469577110e+94 0.951322025
2.480035542e+96 1.198343417e+95 -2.360201201e+96 0.951680393
1.711224524e+98 8.208579516e+96 -1.629138729e+98 0.952030961
1.197857167e+100 5.704913551e+98 -1.140808031e+100 0.952374008
8.504785886e+101 4.021930336e+100 -8.102592852e+101 0.952709799
6.123445838e+103 2.875656752e+102 -5.835880162e+103 0.953038586
4.470115462e+105 2.084834619e+104 -4.261632000e+105 0.953360609
3.307885442e+107 1.532341626e+106 -3.154651279e+107 0.953676098
2.480914081e+109 1.141585941e+108 -2.366755487e+109 0.953985269
1.885494702e+111 8.618910852e+109 -1.799305593e+111 0.954288332
1.451830920e+113 6.593419857e+111 -1.385896722e+113 0.954585484
1.132428118e+115 5.109864941e+113 -1.081329468e+115 0.954876916
8.946182131e+116 4.011216856e+115 -8.545060445e+116 0.955162808
7.156945705e+118 3.188896377e+117 -6.838056067e+118 0.955443334
5.797126021e+120 2.567045078e+119 -5.540421513e+120 0.955718660
4.753643337e+122 2.092128614e+121 -4.544430476e+122 0.955988944
3.945523970e+124 1.725995540e+123 -3.772924416e+124 0.956254339
3.314240135e+126 1.441197663e+125 -3.170120368e+126 0.956514990
2.817104114e+128 1.217804919e+127 -2.695323622e+128 0.956771036
2.422709538e+130 1.041217271e+129 -2.318587811e+130 0.957022612
2.107757298e+132 9.006479239e+130 -2.017692506e+132 0.957269847
1.854826423e+134 7.880626445e+132 -1.776020158e+134 0.957512863
1.650795516e+136 6.974317301e+134 -1.581052343e+136 0.957751779
1.485715964e+138 6.241981515e+136 -1.423296149e+138 0.957986710
1.352001528e+140 5.648964533e+138 -1.295511882e+140 0.958217765
1.243841405e+142 5.168776824e+140 -1.192153637e+142 0.958445049
1.156772507e+144 4.781095279e+142 -1.108961554e+144 0.958668664
1.087366157e+146 4.470302780e+144 -1.042663129e+146 0.958888708
1.032997849e+148 4.224416416e+146 -9.907536847e+147 0.959105274
9.916779349e+149 4.034299246e+148 -9.513349424e+149 0.959318453
9.619275968e+151 3.893081353e+150 -9.229967833e+151 0.959528333
9.426890449e+153 3.795737682e+152 -9.047316681e+153 0.959734997
9.332621544e+155 3.738785560e+154 -8.958742988e+155 0.959938528
9.332621544e+157 3.720075976e+156 -8.960613947e+157 0.960139003
9.425947760e+159 3.738660933e+158 -9.052081667e+159 0.960336498
9.614466715e+161 3.794725499e+160 -9.234994165e+161 0.960531087
9.902900716e+163 3.889578211e+162 -9.513942895e+163 0.960722839
1.029901675e+166 4.025697789e+164 -9.896446966e+165 0.960911824
1.081396758e+168 4.206838138e+166 -1.039328377e+168 0.961098107
1.146280564e+170 4.438197621e+168 -1.101898588e+170 0.961281751
1.226520203e+172 4.726663103e+170 -1.179253572e+172 0.961462819
1.324641819e+174 5.081144515e+172 -1.273830374e+174 0.961641370
1.443859583e+176 5.513022286e+174 -1.388729360e+176 0.961817462
1.588245542e+178 6.036738425e+176 -1.527878157e+178 0.961991151
1.762952551e+180 6.670573196e+178 -1.696246819e+180 0.962162492
1.974506857e+182 7.437664186e+180 -1.900130215e+182 0.962331535
2.231192749e+184 8.367344663e+182 -2.147519302e+184 0.962498333
2.543559733e+186 9.496905475e+184 -2.448590679e+186 0.962662935
2.925093693e+188 1.087392221e+187 -2.816354471e+188 0.962825388
3.393108684e+190 1.255934092e+189 -3.267515275e+190 0.962985739
3.969937161e+192 1.463158726e+191 -3.823621288e+192 0.963144033
4.684525850e+194 1.719206314e+193 -4.512605218e+194 0.963300313
5.574585761e+196 2.037253437e+195 -5.370860417e+196 0.963454622
6.689502913e+198 2.434510754e+197 -6.446051838e+198 0.963607001
8.094298525e+200 2.933577041e+199 -7.800940821e+200 0.963757489
9.875044201e+202 3.564286044e+201 -9.518615596e+202 0.963906126
1.214630437e+205 4.366238280e+203 -1.170968054e+205 0.964052949
1.506141742e+207 5.392289545e+205 -1.452218846e+207 0.964197994
1.882677177e+209 6.713382438e+207 -1.815543353e+209 0.964341298
2.372173243e+211 8.425272670e+209 -2.287920516e+211 0.964482895
3.012660018e+213 1.065794218e+212 -2.906080597e+213 0.964622818
3.856204824e+215 1.358884145e+214 -3.720316409e+215 0.964761100
4.974504222e+217 1.746161719e+216 -4.799888051e+217 0.964897774
6.466855489e+219 2.261273808e+218 -6.240728108e+219 0.965032869
8.471580691e+221 2.950955100e+220 -8.176485181e+221 0.965166417
1.118248651e+224 3.880496606e+222 -1.079443685e+224 0.965298446
1.487270706e+226 5.141645800e+224 -1.435854248e+226 0.965428985
1.992942746e+228 6.864081096e+226 -1.924301935e+228 0.965558062
2.690472707e+230 9.232167810e+228 -2.598151029e+230 0.965685704
3.659042882e+232 1.250955899e+231 -3.533947292e+232 0.965811937
5.012888748e+234 1.707550984e+233 -4.842133650e+234 0.965936787
6.917786473e+236 2.347877429e+235 -6.682998730e+236 0.966060279
9.615723197e+238 3.251803175e+237 -9.290542879e+238 0.966182438
1.346201248e+241 4.536255716e+239 -1.300838690e+241 0.966303287
1.898143759e+243 6.373425829e+241 -1.834409501e+243 0.966422850
2.695364138e+245 9.018378780e+243 -2.605180350e+245 0.966541149
3.854370717e+247 1.285116339e+246 -3.725859083e+247 0.966658206
5.550293833e+249 1.844138215e+248 -5.365880011e+249 0.966774043
8.047926057e+251 2.664774404e+250 -7.781448617e+251 0.966888682
1.174997204e+254 3.877239126e+252 -1.136224813e+254 0.967002142
1.727245890e+256 5.680144292e+254 -1.670444448e+256 0.967114443
2.556323918e+258 8.378196786e+256 -2.472541950e+258 0.967225606
3.808922638e+260 1.244159872e+259 -3.684506650e+260 0.967335649
5.713383956e+262 1.860015541e+261 -5.527382402e+262 0.967444591
